100 400
36 53
67 68
99 100
17 58
29 32
59 82
8 9
40 41
21 37
69 95
9 90
61 91
6 66
41 42
73 74
73 92
14 15
39 99
74 75
22 37
32 69
14 51
15 16
47 48
35 92
17 53
55 79
48 49
80 81
58 81
10 22
10 31
81 82
33 42
22 23
51 68
3 28
35 60
3 37
55 56
76 88
36 61
6 47
50 81
40 58
58 94
54 60
12 63
54 78
16 51
12 99
32 77
43 77
1 71
9 30
96 98
57 79
5 41
49 84
5 59
21 22
61 94
42 90
54 55
31 62
32 54
16 37
87 88
64 95
43 72
28 29
88 89
65 96
46 92
29 30
26 95
61 62
50 80
2 3
20 39
50 89
62 63
94 95
31 75
3 4
35 36
95 96
72 94
35 63
46 60
57 60
36 37
9 20
1 70
68 69
26 81
6 23
69 70
27 64
19 60
61 75
10 11
8 78
23 57
4 53
43 44
84 91
24 49
4 80
53 94
45 90
56 90
1 65
76 77
27 41
8 46
42 66
19 64
12 25
31 38
4 30
23 52
12 52
31 65
23 61
33 93
34 58
64 80
37 72
9 10
46 59
46 68
42 43
27 72
11 55
20 42
75 76
4 34
4 43
16 17
53 75
3 65
22 87
49 50
49 68
7 62
50 51
82 83
11 50
4 11
23 24
11 68
83 84
60 82
24 25
10 90
56 57
2 86
64 70
25 88
56 66
45 66
45 75
22 91
57 58
14 87
89 90
18 48
14 96
30 31
18 75
90 91
71 87
63 83
31 32
40 99
25 56
64 65
34 61
22 68
5 6
3 82
14 82
97 98
59 81
15 56
8 17
70 99
17 93
63 78
34 38
44 82
22 45
66 79
14 41
32 86
7 20
1 98
18 29
59 67
59 85
8 12
19 21
63 64
40 62
9 93
41 45
4 5
33 41
60 67
39 93
37 38
14 36
14 45
51 94
3 54
70 71
18 33
17 65
11 12
21 44
33 36
44 45
39 88
43 67
2 75
37 42
24 72
7 10
96 97
13 90
18 19
1 97
55 77
40 52
6 50
58 88
50 84
21 57
29 70
44 49
10 47
25 54
3 17
85 86
13 67
16 81
24 94
5 62
36 77
77 78
42 93
62 71
11 96
51 52
22 25
32 66
87 100
24 62
5 48
76 99
5 57
61 74
42 79
42 88
25 26
84 90
4 70
23 83
72 97
43 61
17 18
1 64
13 66
45 98
16 71
68 90
6 44
69 82
21 42
50 96
11 77
42 92
30 90
11 86
19 99
2 28
84 85
34 93
16 57
9 18
22 100
37 98
15 79
58 59
49 90
7 84
50 64
8 76
19 76
91 92
39 63
75 93
32 33
13 29
13 38
56 79
65 66
57 62
6 7
49 76
5 51
98 99
7 88
39 40
30 71
31 54
60 99
13 24
72 73
13 33
4 64
16 38
37 70
46 48
20 22
63 100
33 95
34 60
4 59
64 73
3 72
38 39
56 96
71 72
79 85
71 81
30 52
12 13
48 97
23 31
21 98
23 40
23 49
13 14
45 46
41 94
44 99
46 47
14 76
78 79
14 85
26 59
19 20
26 77
79 80
48 74
20 21
52 53
44 58
53 54
25 81
66 100
26 27
15 36
86 87
14 89
27 28
17 91
60 61
4 8
52 66
1 2
93 94
3 39
33 89
66 86
13 98
78 87
26 49
36 81
55 94
9 100
60 65
4 12
54 98
34 49
32 79
66 99
59 60
26 35
70 96
92 93
69 100
33 34
34 35
25 66
66 67
22 51
7 8
