1000 3000
56 309
838 839
28 476
267 987
304 380
876 951
536 537
210 861
8 9
40 41
68 777
871 872
195 738
722 929
343 344
569 570
565 945
41 42
94 951
363 996
73 74
872 873
904 905
376 377
74 75
794 810
106 107
404 704
905 906
391 505
937 938
409 410
121 272
107 108
271 854
156 638
938 939
35 348
442 443
338 651
233 369
140 141
971 972
337 426
89 175
443 444
475 476
259 772
682 689
272 562
270 781
173 174
51 68
476 477
661 751
512 808
206 207
750 945
550 691
509 510
92 487
207 208
431 819
197 652
239 240
813 921
697 975
93 680
542 543
313 720
636 699
301 337
240 241
172 186
271 723
181 829
778 819
575 576
273 274
592 665
325 550
608 609
204 934
62 850
306 307
911 912
269 505
220 878
294 827
339 978
609 610
63 931
641 642
572 957
113 114
151 369
339 340
266 356
78 156
216 535
944 945
160 454
642 643
674 675
500 788
146 147
622 930
791 851
260 806
103 105
148 485
675 676
168 314
561 654
205 498
487 705
192 528
179 180
726 727
261 807
85 810
288 352
708 709
466 767
216 921
411 980
180 181
417 911
156 461
271 448
510 730
229 302
669 866
433 855
406 901
452 868
741 742
688 736
52 260
213 214
516 889
464 699
388 740
105 946
58 834
774 775
320 425
820 891
246 247
224 488
684 738
100 687
807 808
673 957
291 663
279 280
309 946
697 942
245 552
351 799
312 313
127 905
546 629
419 439
10 11
617 689
802 851
101 129
313 314
666 810
35 678
345 346
591 816
809 975
43 44
844 853
20 555
462 522
541 815
633 898
346 347
378 379
129 727
925 926
355 661
76 77
107 559
907 908
655 693
26 76
37 351
379 380
958 959
44 884
662 817
118 195
412 413
29 532
677 833
991 992
550 612
463 464
217 439
445 446
510 841
162 652
496 906
175 442
748 749
842 905
393 521
478 479
752 868
717 761
577 601
297 553
664 755
8 450
72 843
15 309
224 828
781 782
237 947
304 857
256 780
79 101
511 512
128 631
575 942
194 805
129 596
189 232
29 100
653 861
814 815
18 350
772 818
152 170
544 545
865 866
674 920
16 17
94 345
735 936
847 848
577 578
528 951
47 498
68 292
49 50
438 685
38 306
50 51
82 83
299 984
100 811
157 262
83 84
115 116
159 717
662 663
644 645
965 966
116 117
90 882
695 696
686 727
167 168
161 762
86 997
127 620
77 274
998 999
38 957
276 749
149 150
47 511
153 529
121 317
728 729
599 844
346 435
606 740
200 201
259 287
342 959
56 187
414 835
401 865
182 183
654 816
64 685
43 662
761 762
62 761
485 486
117 468
495 908
13 905
631 689
157 275
215 216
340 476
260 367
181 223
25 92
725 961
684 960
497 725
518 519
588 992
336 362
248 249
223 979
686 740
229 910
544 656
551 552
436 714
201 439
260 488
281 282
228 276
69 777
160 895
584 585
201 704
791 798
314 315
861 862
707 804
392 649
197 324
395 654
62 365
206 638
144 663
433 537
45 312
437 836
195 894
26 936
366 367
208 684
348 349
301 503
465 754
399 400
428 723
589 677
657 695
381 382
654 806
702 703
66 227
593 796
872 885
432 433
373 792
266 666
236 903
735 736
831 969
275 751
465 466
295 580
749 899
313 863
533 866
768 769
524 817
432 554
95 640
750 751
498 499
377 389
348 591
15 302
223 331
828 899
801 802
89 596
783 784
422 891
255 256
92 607
686 851
833 870
834 835
397 834
157 507
16 468
7 648
442 576
288 289
835 836
116 820
867 868
18 19
718 925
918 950
81 633
229 468
868 869
178 651
900 901
277 544
978 1000
598 599
394 949
877 954
10 20
712 966
901 902
371 673
277 400
381 866
745 883
302 722
196 412
404 441
103 104
934 935
85 86
110 637
598 720
287 944
298 953
120 309
136 137
65 751
400 592
527 696
967 968
118 119
411 750
439 440
489 706
147 411
169 170
632 834
154 981
151 152
511 544
472 473
462 688
252 878
111 839
862 887
202 203
229 831
505 506
293 586
105 801
487 488
235 236
95 113
336 813
538 539
520 521
43 825
605 894
348 823
503 846
571 572
869 940
25 26
572 573
604 605
494 733
59 433
302 303
411 884
281 854
605 606
642 753
335 336
25 147
940 941
404 552
226 286
638 639
695 764
453 593
973 974
71 119
671 672
294 685
566 735
20 73
136 513
704 705
287 682
215 248
176 177
124 804
296 996
737 738
142 300
140 519
209 210
168 172
533 679
191 192
217 330
177 257
4 186
770 771
36 138
242 243
733 889
68 844
493 499
224 225
825 972
771 772
803 804
347 710
175 189
275 276
98 643
511 812
527 640
706 908
20 315
475 975
103 578
664 911
64 92
804 805
836 837
276 277
208 222
106 354
308 309
459 478
6 7
81 675
837 838
540 960
869 907
309 310
140 352
341 342
326 479
104 286
39 40
597 713
150 402
870 871
251 979
73 298
342 343
808 896
224 467
72 73
677 678
903 904
489 627
375 376
38 462
18 218
384 870
526 545
537 554
710 711
408 409
143 892
540 973
743 744
354 703
420 648
441 442
600 844
308 852
818 923
429 733
843 867
73 540
381 427
309 408
89 893
103 977
84 964
474 475
27 164
362 908
281 834
170 329
622 755
777 778
193 870
291 884
555 585
599 771
24 540
507 508
298 514
71 472
177 633
610 866
810 811
32 809
359 646
508 509
42 710
540 541
296 855
12 13
174 749
322 584
843 844
648 748
38 596
727 898
541 542
573 574
13 14
45 46
297 447
844 845
876 877
295 337
78 488
574 575
236 696
46 47
78 79
877 878
326 855
909 910
70 749
104 662
532 923
607 608
409 889
927 964
161 787
79 80
255 651
295 458
910 911
469 494
942 943
414 415
640 641
613 624
389 916
112 113
263 511
362 633
943 944
975 976
41 318
558 953
447 448
673 674
724 985
145 146
770 872
487 929
634 948
976 977
473 765
226 894
480 481
178 179
75 432
748 826
127 213
805 951
778 997
517 813
245 354
211 212
562 964
550 581
74 472
386 738
514 515
740 741
485 717
212 213
244 245
587 993
194 424
138 758
547 548
134 904
61 654
245 246
41 596
797 988
277 278
161 512
209 409
361 686
665 948
580 581
62 884
162 742
443 841
278 279
884 992
310 311
64 844
459 965
291 972
585 961
581 582
222 872
158 479
613 614
203 859
648 980
311 312
506 896
142 211
693 759
246 448
614 615
369 927
215 869
646 647
770 862
344 345
642 942
540 665
647 648
586 781
679 680
13 102
604 915
144 256
377 378
463 567
135 207
982 983
146 482
525 887
573 698
680 681
712 713
220 925
135 472
184 185
410 411
171 660
713 714
354 781
286 726
365 790
425 841
746 747
271 603
444 445
843 945
242 576
98 711
325 839
189 829
304 816
367 427
350 783
779 780
251 252
477 478
876 978
429 667
829 866
353 528
812 813
657 939
321 990
284 285
225 873
489 574
14 15
62 995
58 387
845 846
796 990
317 318
92 874
62 357
287 704
78 710
117 967
15 16
632 967
47 48
846 847
878 879
318 319
350 351
2 162
100 734
473 830
48 49
386 682
80 81
879 880
698 805
137 243
351 352
286 860
383 384
200 677
81 82
900 939
186 284
912 913
384 385
85 955
568 960
416 417
487 886
114 115
666 857
926 933
538 708
945 946
417 418
449 450
46 740
386 839
61 225
135 174
996 997
115 870
111 491
147 148
89 552
978 979
464 615
817 882
450 451
141 519
234 418
525 710
9 565
134 825
451 681
483 484
617 713
253 696
181 182
277 644
56 496
809 999
340 700
516 517
260 411
164 852
214 215
156 619
819 820
7 496
194 502
549 550
13 576
728 930
21 22
852 853
142 577
301 979
455 808
202 362
582 583
245 818
54 55
885 886
731 828
111 180
572 575
91 122
583 584
27 595
37 905
615 616
126 488
51 723
87 88
918 919
97 955
616 617
264 278
648 649
88 89
120 121
300 991
293 866
529 963
957 995
34 612
649 650
238 936
121 122
124 685
153 154
214 987
700 701
288 644
174 771
482 887
141 594
682 683
708 821
172 432
154 155
720 795
451 936
492 559
592 646
438 588
985 986
733 734
4 970
308 707
715 716
175 214
107 308
747 934
187 188
117 767
238 648
231 523
202 725
344 400
453 981
481 634
220 221
450 683
157 430
810 846
821 855
668 762
13 422
794 987
97 644
61 987
253 254
155 771
31 61
477 556
261 752
219 935
556 557
648 783
683 890
201 329
693 791
286 287
192 280
107 959
470 782
456 847
414 967
347 977
136 348
589 590
165 671
245 929
326 625
287 288
212 523
626 886
319 320
826 911
233 317
443 801
315 615
622 623
713 890
320 321
352 353
353 992
26 597
525 955
540 589
746 923
353 354
573 586
385 386
117 492
431 502
932 933
147 743
682 758
220 584
613 924
424 908
346 580
386 387
47 921
165 239
531 891
377 796
260 656
689 690
437 438
419 420
384 728
69 536
53 857
367 904
722 723
78 392
452 453
773 774
362 645
797 902
382 623
755 756
243 953
465 657
102 605
818 961
806 807
736 971
90 222
788 789
672 843
150 538
78 104
839 840
821 822
567 826
18 318
50 536
449 770
23 24
476 644
854 855
820 862
326 327
472 530
24 25
481 987
56 57
606 875
359 360
612 689
906 907
57 58
6 879
844 932
89 90
158 864
515 756
636 637
207 231
939 940
94 470
90 91
228 699
536 815
118 827
669 670
621 630
826 999
141 142
711 932
972 973
235 594
123 124
14 217
426 427
174 175
289 421
156 157
141 672
153 497
459 460
102 680
417 692
189 190
348 592
510 511
244 800
492 493
766 845
155 957
316 645
222 223
543 544
204 849
525 526
588 960
576 577
342 410
679 849
229 878
558 559
83 415
481 604
394 456
175 943
311 687
472 641
348 834
63 64
348 605
165 749
191 887
314 957
618 731
643 644
43 499
452 518
373 374
584 674
104 860
676 677
352 696
371 566
476 997
406 407
516 804
130 131
790 927
125 690
60 444
709 710
518 850
177 291
737 808
163 164
118 650
742 743
162 168
191 491
812 838
313 337
670 983
724 725
308 667
196 197
120 287
775 776
412 724
253 322
247 248
101 682
757 758
18 913
797 980
229 230
808 809
280 281
159 171
262 263
74 441
15 126
841 842
218 485
839 918
120 673
716 847
295 296
636 738
161 445
352 830
434 869
842 843
330 403
874 875
16 472
84 118
40 420
81 192
875 876
115 859
112 445
262 878
347 348
564 871
98 281
457 708
402 772
759 930
149 592
77 78
435 540
446 964
908 909
191 445
380 381
281 518
228 512
110 111
941 942
320 366
699 771
493 523
413 414
95 742
323 749
36 427
91 134
111 866
112 831
143 144
75 126
532 859
974 975
639 842
618 819
446 447
108 159
364 902
534 825
215 959
391 776
652 817
364 493
479 480
461 462
446 977
139 411
855 996
373 727
230 944
352 375
252 437
512 513
650 892
464 473
494 495
32 699
242 280
256 852
545 546
684 741
217 223
17 18
199 583
305 830
848 849
177 644
546 547
905 974
578 579
677 738
16 992
148 357
907 934
881 882
277 767
159 403
135 912
566 641
579 580
425 522
611 612
401 839
576 691
141 354
914 915
505 896
732 938
311 765
399 469
612 613
396 580
84 85
261 535
915 916
141 210
947 948
434 463
262 845
718 896
416 674
645 646
117 118
948 949
980 981
538 556
678 679
150 151
487 590
145 710
413 790
981 982
531 782
711 712
183 184
694 888
383 883
5 177
165 166
666 826
791 857
544 571
127 548
744 745
114 578
184 939
216 217
955 965
447 495
198 199
512 624
185 229
745 746
134 300
249 250
875 941
439 676
241 920
778 779
730 968
90 113
488 797
433 861
142 160
282 283
540 578
311 755
222 677
11 85
585 586
636 960
811 812
300 862
610 759
283 284
681 968
315 316
10 763
607 753
221 983
618 619
37 79
355 654
316 317
210 824
104 254
651 652
890 934
349 350
425 754
652 653
831 884
777 913
684 685
190 213
534 926
186 737
382 383
71 607
920 961
350 696
685 686
717 718
275 293
415 416
761 824
288 986
143 631
718 719
608 847
336 388
540 941
448 449
157 651
147 866
115 505
303 476
751 752
477 512
602 629
481 482
163 847
298 626
21 89
239 311
773 776
88 673
784 785
175 412
287 653
362 418
412 913
395 415
482 483
391 710
298 482
785 786
155 619
817 818
161 513
293 812
768 962
3 979
728 889
515 516
566 827
165 483
407 654
10 609
215 749
19 20
664 990
818 819
130 153
850 851
482 833
589 667
322 323
132 571
548 549
20 21
52 53
791 801
851 852
883 884
21 102
355 356
53 54
244 259
884 885
916 917
528 692
87 312
767 974
388 389
67 74
86 87
917 918
89 92
949 950
389 390
277 966
421 422
27 266
403 962
119 120
531 739
314 704
583 749
950 951
513 950
674 867
422 423
781 850
258 809
454 455
152 153
983 984
71 839
455 456
26 193
233 263
462 989
185 186
488 489
767 807
325 611
371 578
186 187
113 957
778 965
218 219
74 620
441 822
175 294
294 623
521 522
357 908
48 976
860 891
204 586
219 220
730 781
253 478
522 523
328 392
554 555
252 253
324 358
139 950
241 589
340 711
30 814
555 556
734 787
587 588
492 616
506 514
59 60
285 286
391 533
890 891
115 220
715 773
161 336
588 589
593 933
620 621
3 573
546 592
92 93
455 819
923 924
621 622
313 506
299 571
653 654
125 126
857 978
956 957
654 655
914 960
686 687
369 751
158 159
989 990
220 399
687 688
719 720
159 160
93 852
990 991
723 876
720 721
607 664
192 193
649 926
289 354
233 639
25 281
753 754
225 226
430 595
324 348
464 508
629 804
475 746
542 836
126 741
433 520
786 787
226 227
58 234
258 259
132 937
202 736
381 738
288 547
602 743
347 373
180 196
219 416
259 260
291 292
104 731
527 797
820 821
292 293
324 325
148 657
363 582
516 675
395 614
22 23
627 628
853 854
52 131
325 326
296 528
357 358
854 935
180 582
55 56
660 661
172 312
886 887
358 359
390 391
204 795
571 997
693 694
685 839
391 392
423 424
229 330
970 971
210 954
344 954
839 933
89 435
424 425
426 880
727 728
692 999
102 639
338 358
248 693
457 458
88 332
92 482
6 442
760 761
392 743
464 848
201 654
421 886
490 491
461 693
367 686
294 436
793 794
332 548
315 904
178 490
704 865
523 524
27 357
237 841
513 596
259 600
826 827
493 538
832 870
28 29
244 736
116 816
133 231
97 537
859 860
557 558
29 30
287 554
61 62
655 721
453 586
265 386
892 893
839 887
495 848
590 591
62 63
324 966
341 381
94 95
82 795
179 319
185 771
128 911
69 596
236 444
397 398
448 772
623 624
95 96
408 556
127 128
60 138
118 308
430 431
977 978
128 129
312 704
160 161
754 820
5 287
202 981
959 960
707 708
286 831
386 918
521 734
429 471
687 995
161 162
58 564
332 538
992 993
464 465
194 195
546 912
29 802
136 748
13 943
497 498
227 228
619 981
356 787
488 943
297 558
530 531
376 473
308 567
673 988
260 261
92 305
263 452
418 475
312 982
563 564
220 719
261 262
505 888
293 294
427 523
413 625
244 667
69 586
217 421
81 560
596 597
194 437
114 328
702 764
250 863
294 295
22 739
629 630
40 235
327 328
20 177
512 639
396 693
382 758
352 995
949 985
199 673
621 811
134 135
107 181
360 361
198 528
79 348
681 682
406 477
331 563
546 637
764 796
663 664
411 412
470 498
103 296
448 739
540 822
255 281
24 677
11 329
714 715
370 905
249 615
228 592
696 697
508 646
447 487
505 986
21 873
747 748
443 782
708 936
729 730
201 202
761 911
780 781
130 407
355 525
762 763
333 586
234 235
330 846
813 814
496 649
795 796
96 270
300 674
267 268
375 853
421 820
362 505
828 829
300 301
449 918
105 211
30 31
634 820
167 451
333 334
490 955
139 203
880 881
171 421
339 377
31 32
184 211
37 457
794 814
306 465
913 914
64 65
557 721
66 520
18 443
618 853
96 777
265 320
946 947
315 815
97 98
436 696
418 419
90 733
400 401
148 149
778 990
979 980
30 44
135 475
42 284
451 452
535 711
480 775
510 538
185 970
239 532
433 434
92 141
479 550
684 919
484 485
214 395
466 467
690 998
517 518
581 948
728 881
404 757
499 500
114 658
528 792
802 803
550 551
674 846
280 727
233 615
532 533
135 717
351 607
4 5
448 948
489 986
256 369
160 252
565 566
276 878
677 893
831 951
37 38
126 524
195 215
486 687
919 920
510 901
130 351
70 71
129 535
175 502
830 991
409 440
617 618
98 956
449 476
515 750
124 865
198 256
242 857
952 953
469 490
650 651
286 634
366 892
223 843
320 367
645 801
502 752
616 774
80 385
683 684
91 809
155 156
175 888
986 987
137 138
601 767
781 963
716 717
434 739
188 189
170 171
456 677
67 573
226 746
749 750
547 652
221 222
666 752
553 695
270 752
57 379
153 841
203 204
79 812
782 783
728 812
266 409
254 255
353 377
236 237
13 494
815 816
558 782
539 540
251 631
639 856
142 724
252 330
269 270
749 907
428 672
273 798
275 579
816 817
183 761
477 942
575 956
206 973
122 256
352 798
849 850
278 769
418 929
439 723
321 322
37 414
189 920
372 404
491 733
309 842
597 751
51 52
104 998
539 926
656 657
882 883
706 923
354 355
110 632
307 768
53 772
547 786
387 388
652 808
908 913
70 568
593 758
420 421
23 227
17 153
90 137
234 676
389 470
723 724
141 368
118 464
453 454
523 778
630 761
844 870
435 436
756 757
514 586
31 352
490 866
486 487
235 496
529 714
789 790
660 905
511 925
184 567
180 188
39 441
229 718
115 696
519 520
395 750
678 693
444 526
356 413
468 591
24 843
19 499
822 823
340 405
347 450
83 520
144 350
552 553
348 903
804 954
577 726
169 443
135 301
182 233
183 198
823 824
862 895
855 856
149 959
553 554
94 614
844 883
363 430
173 678
856 857
888 889
947 975
74 147
498 883
586 587
58 59
340 791
569 763
810 826
446 958
889 890
50 958
781 799
921 922
286 411
393 394
446 549
619 620
91 92
493 926
922 923
153 183
954 955
102 775
243 485
124 125
266 883
148 482
496 671
955 956
662 703
987 988
920 998
317 556
12 823
157 158
988 989
359 638
178 626
139 140
373 456
460 461
629 907
58 72
222 403
187 711
190 191
172 173
493 494
439 523
769 923
167 738
223 224
137 566
526 527
718 877
53 981
248 662
302 782
488 909
483 565
2 112
256 257
466 512
537 801
618 875
559 560
369 579
257 258
289 290
588 623
560 561
592 593
731 788
438 535
87 457
290 291
45 231
111 405
200 254
593 594
625 626
102 356
133 838
323 324
328 668
196 894
393 505
626 627
563 916
658 659
356 357
961 962
36 532
659 660
691 692
418 454
299 762
217 809
994 995
236 822
596 985
403 819
692 693
769 913
307 702
346 959
172 657
155 345
214 394
305 778
432 882
51 516
725 726
453 941
459 872
731 922
758 759
394 891
230 231
456 457
573 713
357 680
759 760
791 792
369 654
382 773
657 712
575 759
263 264
33 476
191 913
207 512
474 856
546 881
792 793
651 754
824 825
296 297
268 378
138 534
119 255
26 27
337 743
825 826
857 858
297 298
674 773
329 330
125 451
27 28
156 667
525 650
738 794
130 386
858 859
103 432
650 830
149 399
255 417
330 331
362 363
654 800
60 61
471 535
891 892
48 352
756 933
363 364
353 808
71 830
395 396
328 635
93 94
698 699
924 925
333 866
690 758
261 581
396 397
428 429
391 956
43 767
126 127
349 959
549 984
365 409
81 650
731 732
957 958
283 605
669 820
194 527
429 430
12 636
236 789
179 255
322 978
558 660
516 843
374 988
764 765
12 901
186 937
462 463
123 997
174 325
535 978
690 964
387 963
495 496
306 709
545 762
193 194
945 961
798 799
349 707
496 497
258 934
40 217
528 529
150 992
127 185
800 988
329 994
391 560
919 945
831 832
170 183
10 194
529 530
466 819
168 222
561 562
233 617
346 674
237 996
33 34
864 865
149 245
488 614
562 563
594 595
34 35
66 67
897 898
296 300
247 673
595 596
67 68
99 100
625 704
392 502
898 899
287 974
930 931
143 206
21 446
39 872
159 825
136 167
628 629
694 803
100 101
54 888
132 133
60 931
425 535
931 932
648 952
963 964
749 775
123 987
661 662
149 896
53 254
251 535
133 134
964 965
468 469
112 605
694 695
640 724
90 666
202 907
252 499
166 167
476 738
997 998
370 491
199 838
56 789
447 531
894 991
199 200
456 908
293 881
382 730
268 708
361 527
626 947
544 728
232 233
24 204
856 1000
71 810
535 536
136 939
117 697
99 234
579 871
233 234
168 742
265 266
34 519
568 569
7 910
266 267
23 360
511 672
298 299
410 769
715 996
260 681
601 602
299 300
382 972
331 332
66 852
716 817
348 421
602 603
61 99
379 903
634 635
294 450
50 764
332 333
383 644
364 365
823 836
635 636
378 794
667 668
265 508
244 485
365 366
520 914
321 854
328 484
668 669
297 762
398 399
304 392
701 702
21 943
366 452
205 206
105 268
431 432
204 390
629 942
752 753
711 715
510 991
226 823
734 735
352 404
114 761
801 910
767 768
439 823
349 749
132 522
800 801
257 931
485 646
564 939
272 273
32 175
2 3
833 834
237 580
305 306
87 721
454 923
26 625
3 4
35 36
279 662
866 867
338 339
36 37
68 69
573 879
899 900
371 372
348 797
444 505
69 70
532 963
101 102
672 894
372 373
404 405
463 869
951 952
142 176
102 103
341 614
399 884
933 934
405 406
629 788
132 885
49 213
50 178
984 985
389 547
135 136
162 239
245 682
966 967
677 950
438 439
269 481
582 712
168 169
489 490
507 538
999 1000
471 472
4 857
199 687
202 841
90 371
36 400
504 505
216 596
144 836
86 486
632 919
537 947
592 883
806 992
416 657
537 538
443 531
56 85
146 653
763 850
9 10
529 683
184 765
840 841
586 808
168 820
752 877
851 999
570 571
521 944
248 291
42 43
328 549
268 269
647 940
506 815
567 831
873 874
120 865
71 106
603 604
181 615
75 76
109 892
384 831
793 850
766 896
758 892
828 987
108 109
505 977
655 656
566 578
738 770
637 638
109 110
270 930
688 689
584 748
252 387
476 806
670 671
896 983
142 143
606 772
721 722
63 344
648 997
239 978
703 704
199 762
175 176
413 871
37 700
347 517
754 755
213 288
622 981
504 580
180 785
736 737
265 972
208 209
211 772
447 491
229 906
687 701
384 929
787 788
241 242
474 593
325 879
625 762
470 888
85 897
336 479
454 880
132 829
274 275
225 648
151 204
152 169
104 358
301 643
307 308
5 6
610 611
9 242
139 351
340 341
151 554
390 836
887 888
486 544
670 890
388 912
147 440
415 520
258 802
8 956
720 747
920 921
632 634
424 605
584 594
392 393
50 809
374 375
122 123
266 433
853 867
953 954
302 764
425 426
407 408
84 807
732 842
67 983
252 354
314 854
70 85
458 459
312 930
440 441
852 880
537 639
491 492
54 491
246 841
452 680
473 474
794 795
600 664
405 605
392 635
471 550
776 777
524 525
166 588
506 736
9 870
506 507
200 321
827 828
189 571
102 423
809 810
776 862
496 728
61 242
116 852
445 762
658 906
860 861
50 498
11 12
656 982
591 736
893 894
23 251
44 45
49 389
59 848
572 579
591 592
506 893
300 645
90 835
894 895
546 706
926 927
307 949
791 882
108 331
624 625
435 460
309 470
96 97
552 865
175 915
31 376
927 928
306 989
657 658
60 439
129 130
372 791
352 547
83 917
68 788
500 711
285 786
960 961
111 112
757 861
239 935
690 691
162 163
739 849
993 994
144 145
769 957
361 637
195 196
311 816
294 318
177 178
49 258
60 416
661 785
1 101
593 916
228 229
76 769
59 308
483 864
210 211
531 532
513 514
638 923
470 930
243 473
243 244
170 260
564 565
428 555
790 791
8 118
25 287
69 851
110 623
199 997
530 688
684 746
597 598
306 943
401 723
574 614
665 732
796 843
630 631
206 712
614 952
107 361
541 702
292 672
328 329
469 942
631 632
407 738
708 815
588 670
34 233
660 775
361 362
664 665
112 826
574 771
394 395
457 860
451 786
697 698
695 917
256 955
427 428
204 536
145 221
402 780
80 729
29 275
122 466
730 731
74 426
204 392
207 955
374 803
205 882
763 764
439 969
4 483
58 603
397 823
163 885
78 432
190 722
637 804
32 56
217 218
192 948
796 797
81 177
263 599
458 658
250 251
797 798
829 830
367 656
625 951
301 302
527 528
152 322
710 766
72 887
830 831
862 863
301 338
334 335
347 454
196 630
32 33
214 827
851 890
863 864
895 896
39 566
149 963
367 368
226 429
65 66
543 859
661 994
896 897
533 845
13 550
928 929
192 552
368 369
370 967
163 345
98 99
231 363
377 417
279 785
929 930
401 402
310 772
19 745
131 132
348 655
26 604
962 963
434 435
652 923
398 741
439 550
195 827
212 242
729 877
164 165
769 770
11 597
995 996
643 694
747 931
467 468
118 314
145 417
197 198
701 900
100 302
214 287
500 501
501 502
533 534
349 862
444 605
231 232
208 365
57 690
534 535
32 288
566 567
531 875
38 39
384 447
264 265
171 977
869 870
587 626
567 568
284 625
599 600
276 770
220 869
71 72
249 487
120 602
902 903
600 601
392 572
632 633
104 105
415 784
78 870
935 936
259 573
27 150
225 431
633 634
665 666
70 228
105 106
936 937
968 969
39 389
666 667
458 638
5 921
138 139
183 290
436 470
969 970
144 707
16 787
63 490
792 928
699 700
171 172
256 359
860 919
732 733
18 832
204 205
402 449
32 507
765 766
9 231
237 238
461 620
493 838
766 767
14 574
238 239
270 271
374 737
100 534
96 155
4 646
48 78
286 395
157 888
799 800
42 529
364 543
315 687
271 272
185 986
303 304
338 936
358 914
1 2
606 607
832 833
73 781
89 231
93 759
304 305
336 337
170 979
182 279
22 964
639 640
444 693
245 255
630 820
583 888
337 338
369 370
105 855
373 669
672 673
456 932
483 657
617 657
370 371
402 403
137 923
720 749
155 977
469 987
705 706
288 683
403 404
90 847
882 896
179 367
157 757
133 171
706 707
218 358
738 739
244 267
31 123
127 585
31 797
436 437
735 999
53 556
312 896
79 694
41 173
102 183
927 940
739 740
469 470
267 601
647 742
546 839
132 147
772 773
549 844
470 471
94 300
701 978
502 503
73 97
805 806
72 955
473 970
503 504
128 298
440 564
39 369
7 8
